 Update Address  Symbol Name        Value        Decimal  

         4000 compXfilteredAbs                            
            4000 [0]                   0.0000000           0
            4004 [1]                    20.00000  1101004800
            4008 [2]                    4.000000  1082130432
            400C [3]                    36.00000  1108344832
            4010 [4]                    4.000000  1082130432
            4014 [5]                    8.000000  1090519040
            4018 [6]                    4.000000  1082130432
            401C [7]                   0.0000000           0
            4020 [8]                    1.000000  1065353216
            4024 [9]                   0.0000000           0
            4028 [10]                  0.0000000           0
            402C [11]                  0.0000000           0
            4030 [12]                  0.0000000           0
            4034 [13]                  0.0000000           0
            4038 [14]                  0.0000000           0
            403C [15]                   9.000000  1091567616
            4040 [16]                   1.000000  1065353216
            4044 [17]                   1.000000  1065353216
            4048 [18]                   1.000000  1065353216
            404C [19]                  0.0000000           0
            4050 [20]                   1.000000  1065353216
            4054 [21]                  0.0000000           0
            4058 [22]                   4.000000  1082130432
            405C [23]                   1.000000  1065353216
            4060 [24]                   1.000000  1065353216
            4064 [25]                  0.0000000           0
            4068 [26]                  0.0000000           0
            406C [27]                   2.000000  1073741824
            4070 [28]                   1.000000  1065353216
            4074 [29]                   4.000000  1082130432
            4078 [30]                  0.0000000           0
            407C [31]                   1.000000  1065353216
            4080 [32]                   1.000000  1065353216
            4084 [33]                  0.0000000           0
            4088 [34]                   4.000000  1082130432
            408C [35]                  0.0000000           0
            4090 [36]                   4.000000  1082130432
            4094 [37]                   1.000000  1065353216
            4098 [38]                  0.0000000           0
            409C [39]                   1.000000  1065353216
            40A0 [40]                  0.0000000           0
            40A4 [41]                   1.000000  1065353216
            40A8 [42]                   4.000000  1082130432
            40AC [43]                  0.0000000           0
            40B0 [44]                  0.0000000           0
            40B4 [45]                  0.0000000           0
            40B8 [46]                   1.000000  1065353216
            40BC [47]                   1.000000  1065353216
            40C0 [48]                  0.0000000           0
            40C4 [49]                  0.0000000           0
            40C8 [50]                  0.0000000           0
            40CC [51]                  0.0000000           0
            40D0 [52]                  0.0000000           0
            40D4 [53]                  0.0000000           0
            40D8 [54]                  0.0000000           0
            40DC [55]                  0.0000000           0
            40E0 [56]                  0.0000000           0
            40E4 [57]                   1.000000  1065353216
            40E8 [58]                   1.000000  1065353216
            40EC [59]                  0.0000000           0
            40F0 [60]                   1.000000  1065353216
            40F4 [61]                  0.0000000           0
            40F8 [62]                  0.0000000           0
            40FC [63]                  0.0000000           0
            4100 [64]                  0.0000000           0
            4104 [65]                  0.0000000           0
            4108 [66]                  0.0000000           0
            410C [67]                  0.0000000           0
            4110 [68]                  0.0000000           0
            4114 [69]                  0.0000000           0
            4118 [70]                  0.0000000           0
            411C [71]                  0.0000000           0
            4120 [72]                  0.0000000           0
            4124 [73]                  0.0000000           0
            4128 [74]                  0.0000000           0
            412C [75]                  0.0000000           0
            4130 [76]                  0.0000000           0
            4134 [77]                  0.0000000           0
            4138 [78]                  0.0000000           0
            413C [79]                  0.0000000           0
            4140 [80]                  0.0000000           0
            4144 [81]                  0.0000000           0
            4148 [82]                  0.0000000           0
            414C [83]                  0.0000000           0
            4150 [84]                  0.0000000           0
            4154 [85]                  0.0000000           0
            4158 [86]                  0.0000000           0
            415C [87]                  0.0000000           0
            4160 [88]                  0.0000000           0
            4164 [89]                  0.0000000           0
            4168 [90]                  0.0000000           0
            416C [91]                  0.0000000           0
            4170 [92]                  0.0000000           0
            4174 [93]                  0.0000000           0
            4178 [94]                  0.0000000           0
            417C [95]                  0.0000000           0
            4180 [96]                  0.0000000           0
            4184 [97]                  0.0000000           0
            4188 [98]                  0.0000000           0
            418C [99]                  0.0000000           0
            4190 [100]                 0.0000000           0
            4194 [101]                 0.0000000           0
            4198 [102]                 0.0000000           0
            419C [103]                 0.0000000           0
            41A0 [104]                 0.0000000           0
            41A4 [105]                 0.0000000           0
            41A8 [106]                 0.0000000           0
            41AC [107]                 0.0000000           0
            41B0 [108]                 0.0000000           0
            41B4 [109]                 0.0000000           0
            41B8 [110]                 0.0000000           0
            41BC [111]                 0.0000000           0
            41C0 [112]                 0.0000000           0
            41C4 [113]                 0.0000000           0
            41C8 [114]                 0.0000000           0
            41CC [115]                 0.0000000           0
            41D0 [116]                 0.0000000           0
            41D4 [117]                 0.0000000           0
            41D8 [118]                 0.0000000           0
            41DC [119]                 0.0000000           0
            41E0 [120]                 0.0000000           0
            41E4 [121]                 0.0000000           0
            41E8 [122]                 0.0000000           0
            41EC [123]                 0.0000000           0
            41F0 [124]                 0.0000000           0
            41F4 [125]                 0.0000000           0
            41F8 [126]                 0.0000000           0
            41FC [127]                 0.0000000           0
         4200 compXSmoothed                              
