 Update Address  Symbol Name   Value   Decimal  

         41D0 compXSmoothed                    
            41D0 [0]            0.0000000           0
            41D4 [1]            0.0000000           0
            41D8 [2]            -8015.000  3321526272
            41DC [3]            -6990.000  3319427072
            41E0 [4]            -6135.000  3317676032
            41E4 [5]            -15644.00  3329519616
            41E8 [6]            -22286.00  3333299200
            41EC [7]            -248.0000  3279421440
            41F0 [8]            859.0000  1146535936
            41F4 [9]            1202.000  1150697472
            41F8 [10]           -131.0000  3271753728
            41FC [11]           -30.00000  3253731328
            4200 [12]           -201.0000  3276341248
            4204 [13]           -936.0000  3295281152
            4208 [14]           -11278.00  3325048832
            420C [15]           -20900.00  3332589568
            4210 [16]           1719.000  1154932736
            4214 [17]           3804.000  1164820480
            4218 [18]           3519.000  1163653120
            421C [19]           3480.000  1163493376
            4220 [20]           6452.000  1170841600
            4224 [21]           6588.000  1171120128
            4228 [22]           24320.00  1186856960
            422C [23]           24216.00  1186803712
            4230 [24]           -27777.00  3336110592
            4234 [25]           -21682.00  3332989952
            4238 [26]           -17597.00  3330898432
            423C [27]           -13261.00  3327079424
            4240 [28]           -9361.000  3323085824
            4244 [29]           -5827.000  3317045248
            4248 [30]           2678.000  1160208384
            424C [31]           23584.00  1186480128
            4250 [32]           -27131.00  3335779840
            4254 [33]           -10278.00  3324024832
            4258 [34]           -7895.000  3321280512
            425C [35]           -9818.000  3323553792
            4260 [36]           -11682.00  3325462528
            4264 [37]           15903.00  1182301184
            4268 [38]           31531.00  1190548992
            426C [39]           -30587.00  3337549312
            4270 [40]           8193.000  1174406144
            4274 [41]           13175.00  1179507712
            4278 [42]           12379.00  1178692608
            427C [43]           12244.00  1178554368
            4280 [44]           12935.00  1179261952
            4284 [45]           7684.000  1173364736
            4288 [46]           -30498.00  3337503744
            428C [47]           31494.00  1190530048
            4290 [48]           16801.00  1183007232
            4294 [49]           -10899.00  3324660736
            4298 [50]           -9024.000  3322740736
            429C [51]           -7223.000  3319904256
            42A0 [52]           -11148.00  3324915712
            42A4 [53]           -28741.00  3336604160
            42A8 [54]           18529.00  1183891968
            42AC [55]           -27119.00  3335773696
            42B0 [56]           28161.00  1188823552
            42B4 [57]           23432.00  1186402304
            42B8 [58]           18894.00  1184078848
            42BC [59]           13369.00  1179706368
            42C0 [60]           8095.000  1174206464
            42C4 [61]           1227.000  1150902272
            42C8 [62]           -13495.00  3327319040
            42CC [63]           -16395.00  3330283008
            42D0 [64]           0.0000000           0
            42D4 [65]           0.0000000           0
            42D8 [66]           0.0000000           0
            42DC [67]           0.0000000           0
            42E0 [68]           0.0000000           0
            42E4 [69]           0.0000000           0
            42E8 [70]           0.0000000           0
            42EC [71]           0.0000000           0
            42F0 [72]           0.0000000           0
            42F4 [73]           0.0000000           0
            42F8 [74]           0.0000000           0
            42FC [75]           0.0000000           0
            4300 [76]           0.0000000           0
            4304 [77]           0.0000000           0
            4308 [78]           0.0000000           0
            430C [79]           0.0000000           0
            4310 [80]           0.0000000           0
            4314 [81]           0.0000000           0
            4318 [82]           0.0000000           0
            431C [83]           0.0000000           0
            4320 [84]           0.0000000           0
            4324 [85]           0.0000000           0
            4328 [86]           0.0000000           0
            432C [87]           0.0000000           0
            4330 [88]           0.0000000           0
            4334 [89]           0.0000000           0
            4338 [90]           0.0000000           0
            433C [91]           0.0000000           0
            4340 [92]           0.0000000           0
            4344 [93]           0.0000000           0
            4348 [94]           0.0000000           0
            434C [95]           0.0000000           0
            4350 [96]           0.0000000           0
            4354 [97]           0.0000000           0
            4358 [98]           0.0000000           0
            435C [99]           0.0000000           0
            4360 [100]          0.0000000           0
            4364 [101]          0.0000000           0
            4368 [102]          0.0000000           0
            436C [103]          0.0000000           0
            4370 [104]          0.0000000           0
            4374 [105]          0.0000000           0
            4378 [106]          0.0000000           0
            437C [107]          0.0000000           0
            4380 [108]          0.0000000           0
            4384 [109]          0.0000000           0
            4388 [110]          0.0000000           0
            438C [111]          0.0000000           0
            4390 [112]          0.0000000           0
            4394 [113]          0.0000000           0
            4398 [114]          0.0000000           0
            439C [115]          0.0000000           0
            43A0 [116]          0.0000000           0
            43A4 [117]          0.0000000           0
            43A8 [118]          0.0000000           0
            43AC [119]          0.0000000           0
            43B0 [120]          0.0000000           0
            43B4 [121]          0.0000000           0
            43B8 [122]          0.0000000           0
            43BC [123]          0.0000000           0
            43C0 [124]          0.0000000           0
            43C4 [125]          0.0000000           0
            43C8 [126]          0.0000000           0
            43CC [127]          0.0000000           0
            43FC j              0x004C          76
            43FE i              0x0080         128
            1AE0 peakMaskMid    0x0003           3
                 FRAME_SIZE/2-peakMaskMidSymbol Not FoundSymbol Not Found
                 FRAME_SIZE     Symbol Not FoundSymbol Not Found
            1AFE maxPosition    0x003E          62
            1AF8 freq           3875.000  1165111296
                 SWITCH_S2      Symbol Not FoundSymbol Not Found
         41D0 compXSmoothed                    
            43D0 peakFrequencies                  
            43D0 [0]            0x0033          51
            43D0 [0,0]          0x0033          51
            43D2 [0,1]          0x0038          56
            43D4 [0,2]          0x0039          57
            43D6 [0,3]          0x001F          31
            43D8 [0,4]          0x0022          34
            43DA [0,5]          0x0025          37
            43DC [0,6]          0x0026          38
            43DE [0,7]          0x0029          41
            43E0 [0,8]          0x002C          44
            43E2 [0,9]          0x002F          47
            43E4 [0,10]         0x0030          48
            43E6 [1]            0xE3C9       -7223
            43E6 [1,0]          0xE3C9       -7223
            43E8 [1,1]          0x6E01       28161
            43EA [1,2]          0x5B88       23432
            43EC [1,3]          0x5C20       23584
            43EE [1,4]          0xE129       -7895
            43F0 [1,5]          0x3E1F       15903
            43F2 [1,6]          0x7B2B       31531
            43F4 [1,7]          0x3377       13175
            43F6 [1,8]          0x3287       12935
            43F8 [1,9]          0x7B06       31494
            43FA [1,10]         0x41A1       16801
            1AFC x              0x0000           0
