 Update Address    Symbol Name        Value       Decimal  

          42D0 compXSmoothed                               
          42D0 [0]                    0.0000000           0
          42D4 [1]                    0.0000000           0
          42D8 [2]                     5373.000  1168631808
          42DC [3]                     5447.000  1168783360
          42E0 [4]                     267.0000  1132822528
          42E4 [5]                     315.0000  1134395392
          42E8 [6]                     345.0000  1135378432
          42EC [7]                     449.0000  1138786304
          42F0 [8]                     400.0000  1137180672
          42F4 [9]                     393.0000  1136951296
          42F8 [10]                    432.0000  1138229248
          42FC [11]                    311.0000  1134264320
          4300 [12]                    273.0000  1133019136
          4304 [13]                    264.0000  1132724224
          4308 [14]                    1311.000  1151590400
          430C [15]                    1199.000  1150672896
          4310 [16]                    1222.000  1150861312
          4314 [17]                    1141.000  1150197760
          4318 [18]                    1669.000  1154523136
          431C [19]                    625.0000  1142702080
          4320 [20]                    641.0000  1142964224
          4324 [21]                    629.0000  1142767616
          4328 [22]                    653.0000  1143160832
          432C [23]                    129.0000  1124139008
          4330 [24]                    129.0000  1124139008
          4334 [25]                    641.0000  1142964224
          4338 [26]                    662.0000  1143308288
          433C [27]                    653.0000  1143160832
          4340 [28]                    763.0000  1144963072
          4344 [29]                    788.0000  1145372672
          4348 [30]                    1990.000  1157152768
          434C [31]                    1981.000  1157079040
          4350 [32]                    2946.000  1161306112
          4354 [33]                    2868.000  1160986624
          4358 [34]                    2837.000  1160859648
          435C [35]                    1111.000  1149952000
          4360 [36]                    1153.000  1150296064
          4364 [37]                    176.0000  1127219200
          4368 [38]                    149.0000  1125449728
          436C [39]                    147.0000  1125318656
          4370 [40]                    179.0000  1127415808
          4374 [41]                    625.0000  1142702080
          4378 [42]                    657.0000  1143226368
          437C [43]                    657.0000  1143226368
          4380 [44]                    669.0000  1143422976
          4384 [45]                    907.0000  1147322368
          4388 [46]                    704.0000  1143996416
          438C [47]                    686.0000  1143701504
          4390 [48]                    679.0000  1143586816
          4394 [49]                    711.0000  1144111104
          4398 [50]                    941.0000  1147879424
          439C [51]                    644.0000  1143013376
          43A0 [52]                    627.0000  1142734848
          43A4 [53]                    674.0000  1143504896
          43A8 [54]                    639.0000  1142931456
          43AC [55]                    136.0000  1124597760
          43B0 [56]                    142.0000  1124990976
          43B4 [57]                    129.0000  1124139008
          43B8 [58]                    116.0000  1122500608
          43BC [59]                    108.0000  1121452032
          43C0 [60]                    100.0000  1120403456
          43C4 [61]                    1714.000  1154891776
          43C8 [62]                    1710.000  1154859008
          43CC [63]                    1658.000  1154433024
          43FC j                         0x0042          66
          43FE i                         0x0003           3
          1AE0 peakMaskMid               0x0003           3
               averageFrame       Symbol Not Found            
