 Update Address    Symbol Name        Value       Decimal  

          42D0 compXSmoothed                               
          42D0 [0]                    0.0000000           0
          42D4 [1]                    0.0000000           0
          42D8 [2]                     180.0000  1127481344
          42DC [3]                     180.0000  1127481344
          42E0 [4]                     180.0000  1127481344
          42E4 [5]                     152.0000  1125646336
          42E8 [6]                     156.0000  1125908480
          42EC [7]                     157.0000  1125974016
          42F0 [8]                     161.0000  1126236160
          42F4 [9]                     162.0000  1126301696
          42F8 [10]                    158.0000  1126039552
          42FC [11]                    158.0000  1126039552
          4300 [12]                    182.0000  1127612416
          4304 [13]                    182.0000  1127612416
          4308 [14]                    183.0000  1127677952
          430C [15]                    116.0000  1122500608
          4310 [16]                    116.0000  1122500608
          4314 [17]                    48.00000  1111490560
          4318 [18]                    49.00000  1111752704
          431C [19]                    45.00000  1110704128
          4320 [20]                    44.00000  1110441984
          4324 [21]                    47.00000  1111228416
          4328 [22]                    47.00000  1111228416
          432C [23]                    43.00000  1110179840
          4330 [24]                    46.00000  1110966272
          4334 [25]                    47.00000  1111228416
          4338 [26]                    47.00000  1111228416
          433C [27]                    18.00000  1099956224
          4340 [28]                    18.00000  1099956224
          4344 [29]                    17.00000  1099431936
          4348 [30]                    16.00000  1098907648
          434C [31]                    20.00000  1101004800
          4350 [32]                    40.00000  1109393408
          4354 [33]                    39.00000  1109131264
          4358 [34]                    39.00000  1109131264
          435C [35]                    39.00000  1109131264
          4360 [36]                    31.00000  1106771968
          4364 [37]                    31.00000  1106771968
          4368 [38]                    33.00000  1107558400
          436C [39]                    49.00000  1111752704
          4370 [40]                    56.00000  1113587712
          4374 [41]                    55.00000  1113325568
          4378 [42]                    55.00000  1113325568
          437C [43]                    59.00000  1114374144
          4380 [44]                    59.00000  1114374144
          4384 [45]                    60.00000  1114636288
          4388 [46]                    56.00000  1113587712
          438C [47]                    37.00000  1108606976
          4390 [48]                    37.00000  1108606976
          4394 [49]                    37.00000  1108606976
          4398 [50]                    37.00000  1108606976
          439C [51]                    37.00000  1108606976
          43A0 [52]                    36.00000  1108344832
          43A4 [53]                    34.00000  1107820544
          43A8 [54]                    194.0000  1128398848
          43AC [55]                    366.0000  1136066560
          43B0 [56]                    546.0000  1141407744
          43B4 [57]                    698.0000  1143898112
          43B8 [58]                    850.0000  1146388480
          43BC [59]                    1007.000  1148960768
          43C0 [60]                    1167.000  1150410752
          43C4 [61]                    1329.000  1151737856
          43C8 [62]                    1486.000  1153024000
          43CC [63]                    1644.000  1154318336
          43FC j                         0x004C          76
          43FE i                         0x0003           3
          1AE0 peakMaskMid               0x0003           3
               averageFrame       Symbol Not Found            
