 Update Address  Symbol Name        Value        Decimal  

          4200 [0]                   0.0000000           0
          4204 [1]                   0.0000000           0
          4208 [2]                    64.00000  1115684864
          420C [3]                    136.0000  1124597760
          4210 [4]                    192.0000  1128267776
          4214 [5]                    244.0000  1131675648
          4218 [6]                    261.0000  1132625920
          421C [7]                    274.0000  1133051904
          4220 [8]                    279.0000  1133215744
          4224 [9]                    280.0000  1133248512
          4228 [10]                   281.0000  1133281280
          422C [11]                   281.0000  1133281280
          4230 [12]                   281.0000  1133281280
          4234 [13]                   290.0000  1133576192
          4238 [14]                   300.0000  1133903872
          423C [15]                   311.0000  1134264320
          4240 [16]                   323.0000  1134657536
          4244 [17]                   335.0000  1135050752
          4248 [18]                   339.0000  1135181824
          424C [19]                   342.0000  1135280128
          4250 [20]                   348.0000  1135476736
          4254 [21]                   354.0000  1135673344
          4258 [22]                   361.0000  1135902720
          425C [23]                   367.0000  1136099328
          4260 [24]                   373.0000  1136295936
          4264 [25]                   377.0000  1136427008
          4268 [26]                   381.0000  1136558080
          426C [27]                   388.0000  1136787456
          4270 [28]                   395.0000  1137016832
          4274 [29]                   403.0000  1137278976
          4278 [30]                   410.0000  1137508352
          427C [31]                   416.0000  1137704960
          4280 [32]                   422.0000  1137901568
          4284 [33]                   428.0000  1138098176
          4288 [34]                   437.0000  1138393088
          428C [35]                   446.0000  1138688000
          4290 [36]                   455.0000  1138982912
          4294 [37]                   461.0000  1139179520
          4298 [38]                   467.0000  1139376128
          429C [39]                   470.0000  1139474432
          42A0 [40]                   476.0000  1139671040
          42A4 [41]                   482.0000  1139867648
          42A8 [42]                   487.0000  1140031488
          42AC [43]                   492.0000  1140195328
          42B0 [44]                   497.0000  1140359168
          42B4 [45]                   499.0000  1140424704
          42B8 [46]                   501.0000  1140490240
          42BC [47]                   503.0000  1140555776
          42C0 [48]                   505.0000  1140621312
          42C4 [49]                   506.0000  1140654080
          42C8 [50]                   506.0000  1140654080
          42CC [51]                   506.0000  1140654080
          42D0 [52]                   506.0000  1140654080
          42D4 [53]                   506.0000  1140654080
          42D8 [54]                   506.0000  1140654080
          42DC [55]                   507.0000  1140686848
          42E0 [56]                   509.0000  1140752384
          42E4 [57]                   511.0000  1140817920
          42E8 [58]                   514.0000  1140883456
          42EC [59]                   517.0000  1140932608
          42F0 [60]                   519.0000  1140965376
          42F4 [61]                   520.0000  1140981760
          42F8 [62]                   521.0000  1140998144
          42FC [63]                   521.0000  1140998144
          4300 [64]                   521.0000  1140998144
          4304 [65]                   521.0000  1140998144
          4308 [66]                   521.0000  1140998144
          430C [67]                   521.0000  1140998144
          4310 [68]                   521.0000  1140998144
          4314 [69]                   521.0000  1140998144
          4318 [70]                   521.0000  1140998144
          431C [71]                   521.0000  1140998144
          4320 [72]                   521.0000  1140998144
          4324 [73]                   521.0000  1140998144
          4328 [74]                   521.0000  1140998144
          432C [75]                   521.0000  1140998144
          4330 [76]                   521.0000  1140998144
          4334 [77]                   521.0000  1140998144
          4338 [78]                   521.0000  1140998144
          433C [79]                   521.0000  1140998144
          4340 [80]                   521.0000  1140998144
          4344 [81]                   521.0000  1140998144
          4348 [82]                   521.0000  1140998144
          434C [83]                   521.0000  1140998144
          4350 [84]                   521.0000  1140998144
          4354 [85]                   521.0000  1140998144
          4358 [86]                   521.0000  1140998144
          435C [87]                   521.0000  1140998144
          4360 [88]                   521.0000  1140998144
          4364 [89]                   521.0000  1140998144
          4368 [90]                   521.0000  1140998144
          436C [91]                   521.0000  1140998144
          4370 [92]                   521.0000  1140998144
          4374 [93]                   521.0000  1140998144
          4378 [94]                   521.0000  1140998144
          437C [95]                   521.0000  1140998144
          4380 [96]                   521.0000  1140998144
          4384 [97]                   521.0000  1140998144
          4388 [98]                   521.0000  1140998144
          438C [99]                   521.0000  1140998144
          4390 [100]                  521.0000  1140998144
          4394 [101]                  521.0000  1140998144
          4398 [102]                  521.0000  1140998144
          439C [103]                  521.0000  1140998144
          43A0 [104]                  521.0000  1140998144
          43A4 [105]                  521.0000  1140998144
          43A8 [106]                  521.0000  1140998144
          43AC [107]                  521.0000  1140998144
          43B0 [108]                  521.0000  1140998144
          43B4 [109]                  521.0000  1140998144
          43B8 [110]                  521.0000  1140998144
          43BC [111]                  521.0000  1140998144
          43C0 [112]                  521.0000  1140998144
          43C4 [113]                  521.0000  1140998144
          43C8 [114]                  521.0000  1140998144
          43CC [115]                  521.0000  1140998144
          43D0 [116]                  521.0000  1140998144
          43D4 [117]                  521.0000  1140998144
          43D8 [118]                  521.0000  1140998144
          43DC [119]                  521.0000  1140998144
          43E0 [120]                  521.0000  1140998144
          43E4 [121]                  521.0000  1140998144
          43E8 [122]                  521.0000  1140998144
          43EC [123]                  521.0000  1140998144
          43F0 [124]                  521.0000  1140998144
          43F4 [125]                  521.0000  1140998144
          43F8 [126]                  521.0000  1140998144
          43FC [127]                  521.0000  1140998144
